hv(1) = 0.7633742635
hv(2) = 0.7764685571
hv(3) = 0.8220518274
hv(4) = 0.7917413719
hv(5) = 0.7621278844
hv(6) = 0.7613787327
hv(7) = 0.7990535057
hv(8) = 0.7796550413
hv(9) = 0.7956101476
hv(10) = 0.7678816570
hv(11) = 0.7770446714
hv(12) = 0.8408798815
hv(13) = 0.7799891536
hv(14) = 0.7710549875
hv(15) = 0.7195378413
hv(16) = 0.8207406712
hv(17) = 0.7901530246
hv(18) = 0.8049490059
hv(19) = 0.7956740333
hv(20) = 0.7671379937
hv(21) = 0.8066103311
hv(22) = 0.8382200405
hv(23) = 0.8139249579
hv(24) = 0.8382949998
hv(25) = 0.7758386192
hv(26) = 0.7794548814
hv(27) = 0.7178585540
hv(28) = 0.7778790035
hv(29) = 0.8042985169
hv(30) = 0.7638749880

run time is 35.582341(s)

maxHV:  0.840880
averHV: 0.786759
minHV:  0.717859
stdHV:  0.029367

