hv(1) = 0.7406355675
hv(2) = 0.7929256932
hv(3) = 0.8285596766
hv(4) = 0.7989601541
hv(5) = 0.7762332113
hv(6) = 0.7705628630
hv(7) = 0.8167466266
hv(8) = 0.7730550939
hv(9) = 0.7846673038
hv(10) = 0.7983642660
hv(11) = 0.7812239310
hv(12) = 0.8278194218
hv(13) = 0.7596529083
hv(14) = 0.8375738204
hv(15) = 0.7628113581
hv(16) = 0.8073788838
hv(17) = 0.7580392416
hv(18) = 0.7729379009
hv(19) = 0.8139815724
hv(20) = 0.7903751664
hv(21) = 0.7601810260
hv(22) = 0.7747905829
hv(23) = 0.7310144927
hv(24) = 0.7543906942
hv(25) = 0.7624039146
hv(26) = 0.7610076651
hv(27) = 0.7826170753
hv(28) = 0.7949865240
hv(29) = 0.7611440858
hv(30) = 0.7614857584

run time is 25.085941(s)

maxHV:  0.837574
averHV: 0.781218
minHV:  0.731014
stdHV:  0.025937

