hv(1) = 0.5598668203
hv(2) = 0.6075655461
hv(3) = 0.5893793613
hv(4) = 0.5977396740
hv(5) = 0.6009124450
hv(6) = 0.5891474326
hv(7) = 0.5845824912
hv(8) = 0.5660945381
hv(9) = 0.5955802175
hv(10) = 0.5972176299
hv(11) = 0.5946500250
hv(12) = 0.5774909551
hv(13) = 0.6088290822
hv(14) = 0.5866076469
hv(15) = 0.5868446639
hv(16) = 0.5927130842
hv(17) = 0.5932847959
hv(18) = 0.5903017346
hv(19) = 0.5889902885
hv(20) = 0.5945877660
hv(21) = 0.5575388345
hv(22) = 0.6206248748
hv(23) = 0.5890010474
hv(24) = 0.5930622528
hv(25) = 0.5841212600
hv(26) = 0.6183834691
hv(27) = 0.6212037767
hv(28) = 0.5724528921
hv(29) = 0.6198390527
hv(30) = 0.5932628143

run time is 0.061908(s)

maxHV:  0.621204
averHV: 0.592396
minHV:  0.557539
stdHV:  0.015841

