hv(1) = 0.6019212396
hv(2) = 0.6102852071
hv(3) = 0.6287217121
hv(4) = 0.6314159556
hv(5) = 0.6204105933
hv(6) = 0.6006859720
hv(7) = 0.5931784907
hv(8) = 0.6227846989
hv(9) = 0.6073096587
hv(10) = 0.6019251107
hv(11) = 0.6264503142
hv(12) = 0.6192781917
hv(13) = 0.6036017622
hv(14) = 0.6247855771
hv(15) = 0.6131777004
hv(16) = 0.6084173172
hv(17) = 0.6343484813
hv(18) = 0.6269885865
hv(19) = 0.6165224836
hv(20) = 0.6139351317
hv(21) = 0.6017093108
hv(22) = 0.6030992057
hv(23) = 0.6050414558
hv(24) = 0.6171193811
hv(25) = 0.6026236174
hv(26) = 0.6205929320
hv(27) = 0.6126095564
hv(28) = 0.6070753124
hv(29) = 0.6143859111
hv(30) = 0.6222372233

run time is 42.972644(s)

maxHV:  0.634348
averHV: 0.613755
minHV:  0.593178
stdHV:  0.010451

