hv(1) = 0.8139343945
hv(2) = 0.9910379700
hv(3) = 0.7974247444
hv(4) = 0.8117772357
hv(5) = 0.8004316495
hv(6) = 0.9926294833
hv(7) = 0.9881638544
hv(8) = 0.9933485325
hv(9) = 0.9899619389
hv(10) = 0.9900462693
hv(11) = 0.9876865583
hv(12) = 0.8097670164
hv(13) = 0.8127898400
hv(14) = 0.8100807576
hv(15) = 0.9641331447
hv(16) = 0.9850978056
hv(17) = 0.9871231398
hv(18) = 0.9930345696
hv(19) = 0.8129316286
hv(20) = 0.8099398258
hv(21) = 0.9894944867
hv(22) = 0.9912715821
hv(23) = 0.8119900972
hv(24) = 0.9905399298
hv(25) = 0.8153901984
hv(26) = 0.9926329884
hv(27) = 0.8125115997
hv(28) = 0.8138972125
hv(29) = 0.8112049775
hv(30) = 0.8133071985

run time is 20.754747(s)

maxHV:  0.993349
averHV: 0.899453
minHV:  0.797425
stdHV:  0.089159
