hv(1) = 0.9725164211
hv(2) = 0.9903035920
hv(3) = 0.9864904368
hv(4) = 0.9806591329
hv(5) = 0.9893915961
hv(6) = 0.9899254387
hv(7) = 0.9854775602
hv(8) = 0.9907757269
hv(9) = 0.9890924975
hv(10) = 0.9680659724
hv(11) = 0.9833992552
hv(12) = 0.9796366384
hv(13) = 0.9903312164
hv(14) = 0.9922614370
hv(15) = 0.8050009644
hv(16) = 0.9900517418
hv(17) = 0.8046961791
hv(18) = 0.9768201299
hv(19) = 0.9885006269
hv(20) = 0.9913779783
hv(21) = 0.9883477718
hv(22) = 0.9871271705
hv(23) = 0.8025744377
hv(24) = 0.9875154826
hv(25) = 0.9884169073
hv(26) = 0.9868590467
hv(27) = 0.8066978264
hv(28) = 0.9930223931
hv(29) = 0.9870070965
hv(30) = 0.9848220654

run time is 26.114466(s)

maxHV:  0.993022
averHV: 0.961905
minHV:  0.802574
stdHV:  0.061895

