hv(1) = 0.8779793095
hv(2) = 0.8682233170
hv(3) = 0.8884598405
hv(4) = 0.7369320683
hv(5) = 0.8728049054
hv(6) = 0.8537848308
hv(7) = 0.8559802552
hv(8) = 0.8680895247
hv(9) = 0.8427179973
hv(10) = 0.8146660302
hv(11) = 0.8208911746
hv(12) = 0.7756053471
hv(13) = 0.8378184813
hv(14) = 0.8312202731
hv(15) = 0.7870855304
hv(16) = 0.8117970735
hv(17) = 0.7890272445
hv(18) = 0.8911313658
hv(19) = 0.8688092016
hv(20) = 0.8308075638
hv(21) = 0.8177555002
hv(22) = 0.8260774679
hv(23) = 0.6549284500
hv(24) = 0.8614785394
hv(25) = 0.8595876717
hv(26) = 0.8065463743
hv(27) = 0.8171285974
hv(28) = 0.8300442647
hv(29) = 0.8786905429
hv(30) = 0.8670107297

run time is 10.587404(s)

maxHV:  0.891131
averHV: 0.831436
minHV:  0.654928
stdHV:  0.048318

