hv(1) = 0.8265049745
hv(2) = 0.8577378675
hv(3) = 0.8652541890
hv(4) = 0.8500319624
hv(5) = 0.8085574400
hv(6) = 0.8395775367
hv(7) = 0.8600537245
hv(8) = 0.8164222332
hv(9) = 0.8440644320
hv(10) = 0.8375598624
hv(11) = 0.8720576038
hv(12) = 0.8704025426
hv(13) = 0.8295881611
hv(14) = 0.8479900266
hv(15) = 0.8560246982
hv(16) = 0.8283088161
hv(17) = 0.8309379304
hv(18) = 0.8430902377
hv(19) = 0.8209821105
hv(20) = 0.7985641689
hv(21) = 0.8532569581
hv(22) = 0.8431097866
hv(23) = 0.8701000732
hv(24) = 0.8518643438
hv(25) = 0.8392408950
hv(26) = 0.8602611043
hv(27) = 0.8468787070
hv(28) = 0.8443804940
hv(29) = 0.8432051676
hv(30) = 0.8268128304

run time is 6.145587(s)

maxHV:  0.872058
averHV: 0.842761
minHV:  0.798564
stdHV:  0.017849

