hv(1) = 0.8434169016
hv(2) = 0.8650987001
hv(3) = 0.8260638140
hv(4) = 0.8621966700
hv(5) = 0.8597879350
hv(6) = 0.8106277171
hv(7) = 0.8304558505
hv(8) = 0.8080809514
hv(9) = 0.8752895544
hv(10) = 0.8400308612
hv(11) = 0.8012048256
hv(12) = 0.8029521613
hv(13) = 0.8354376192
hv(14) = 0.8344730726
hv(15) = 0.8354453624
hv(16) = 0.8572832144
hv(17) = 0.8146422803
hv(18) = 0.8310784146
hv(19) = 0.8599909872
hv(20) = 0.8292899925
hv(21) = 0.8300651864
hv(22) = 0.8423031357
hv(23) = 0.8198382695
hv(24) = 0.8522500372
hv(25) = 0.8327192108
hv(26) = 0.7799856364
hv(27) = 0.8692076161
hv(28) = 0.8621005030
hv(29) = 0.7914691730
hv(30) = 0.8298728056

run time is 29.422401(s)

maxHV:  0.875290
averHV: 0.834422
minHV:  0.779986
stdHV:  0.023526

