hv(1) = 0.8140138356
hv(2) = 0.8479264189
hv(3) = 0.8218564105
hv(4) = 0.8252669513
hv(5) = 0.7961034793
hv(6) = 0.8278900015
hv(7) = 0.8139508716
hv(8) = 0.7942451633
hv(9) = 0.8051335162
hv(10) = 0.8234708505
hv(11) = 0.8388365119
hv(12) = 0.7976631035
hv(13) = 0.8313126697
hv(14) = 0.8357112720
hv(15) = 0.8153055804
hv(16) = 0.8101692556
hv(17) = 0.8562532982
hv(18) = 0.7604648252
hv(19) = 0.8215654426
hv(20) = 0.8209193268
hv(21) = 0.8127248857
hv(22) = 0.8021380085
hv(23) = 0.8150444613
hv(24) = 0.7876271678
hv(25) = 0.8431544316
hv(26) = 0.8215860382
hv(27) = 0.8031296999
hv(28) = 0.8368333694
hv(29) = 0.8163161150
hv(30) = 0.8374554535

run time is 23.177054(s)

maxHV:  0.856253
averHV: 0.817802
minHV:  0.760465
stdHV:  0.019448

