hv(1) = 0.7145620012
hv(2) = 0.6380829545
hv(3) = 0.7166243883
hv(4) = 0.7082142472
hv(5) = 0.7126386267
hv(6) = 0.7132998528
hv(7) = 0.7105952213
hv(8) = 0.7061978571
hv(9) = 0.6956371499
hv(10) = 0.7153248790
hv(11) = 0.7104075771
hv(12) = 0.7154803377
hv(13) = 0.6483124600
hv(14) = 0.7031850032
hv(15) = 0.7132319059
hv(16) = 0.7106490190
hv(17) = 0.6510332061
hv(18) = 0.7143106679
hv(19) = 0.7163695006
hv(20) = 0.6605481088
hv(21) = 0.7091619415
hv(22) = 0.7105352572
hv(23) = 0.6817346903
hv(24) = 0.6870516916
hv(25) = 0.7092315412
hv(26) = 0.7071432166
hv(27) = 0.7205360336
hv(28) = 0.7032571267
hv(29) = 0.7108392551
hv(30) = 0.7021104842

run time is 25.674834(s)

maxHV:  0.720536
averHV: 0.700544
minHV:  0.638083
stdHV:  0.021797
