hv(1) = 0.6958235129
hv(2) = 0.6950738788
hv(3) = 0.6659773351
hv(4) = 0.6912857739
hv(5) = 0.6874074911
hv(6) = 0.7061788590
hv(7) = 0.6897479435
hv(8) = 0.6873008872
hv(9) = 0.6735604630
hv(10) = 0.6518548356
hv(11) = 0.6844087889
hv(12) = 0.6869666844
hv(13) = 0.6950534400
hv(14) = 0.6824394378
hv(15) = 0.6636612802
hv(16) = 0.6948526852
hv(17) = 0.6948101699
hv(18) = 0.6891330311
hv(19) = 0.6989768001
hv(20) = 0.6849001232
hv(21) = 0.6902443630
hv(22) = 0.7072532127
hv(23) = 0.7004168358
hv(24) = 0.6923391319
hv(25) = 0.6840221068
hv(26) = 0.6912026787
hv(27) = 0.6888750320
hv(28) = 0.6966136177
hv(29) = 0.6860652836
hv(30) = 0.6895327236

run time is 11.624267(s)

maxHV:  0.707253
averHV: 0.688199
minHV:  0.651855
stdHV:  0.011580

