hv(1) = 0.8045160036
hv(2) = 0.8364861223
hv(3) = 0.8441590698
hv(4) = 0.8276772473
hv(5) = 0.8488552310
hv(6) = 0.8470505872
hv(7) = 0.8347996515
hv(8) = 0.8239407443
hv(9) = 0.8081585486
hv(10) = 0.8407857212
hv(11) = 0.8012187314
hv(12) = 0.8175125868
hv(13) = 0.8480911493
hv(14) = 0.8259942558
hv(15) = 0.8250316274
hv(16) = 0.8411590384
hv(17) = 0.8282470335
hv(18) = 0.8326261750
hv(19) = 0.7776916480
hv(20) = 0.8345045622
hv(21) = 0.8474538117
hv(22) = 0.8408658007
hv(23) = 0.8272724606
hv(24) = 0.8182537554
hv(25) = 0.8441335165
hv(26) = 0.8323816237
hv(27) = 0.8009778084
hv(28) = 0.8375730276
hv(29) = 0.8430914093
hv(30) = 0.8437329722

run time is 26.544837(s)

maxHV:  0.848855
averHV: 0.829475
minHV:  0.777692
stdHV:  0.016798

