hv(1) = 0.6860009682
hv(2) = 0.6960689401
hv(3) = 0.6938511688
hv(4) = 0.7659018074
hv(5) = 0.6706009018
hv(6) = 0.7040394976
hv(7) = 0.7477158731
hv(8) = 0.7819116374
hv(9) = 0.6845351238
hv(10) = 0.6848385577
hv(11) = 0.7779482386
hv(12) = 0.7721311366
hv(13) = 0.6873197795
hv(14) = 0.7135609675
hv(15) = 0.7791876689
hv(16) = 0.7667805152
hv(17) = 0.7827263091
hv(18) = 0.7794946615
hv(19) = 0.7128156739
hv(20) = 0.7078571124
hv(21) = 0.7011748853
hv(22) = 0.7619605872
hv(23) = 0.7701178977
hv(24) = 0.7978017667
hv(25) = 0.7270040146
hv(26) = 0.7818439694
hv(27) = 0.7722942167
hv(28) = 0.7689422411
hv(29) = 0.6911497304
hv(30) = 0.7741060034

run time is 1.546869(s)

maxHV:  0.797802
averHV: 0.738056
minHV:  0.670601
stdHV:  0.040217

