hv(1) = 0.8375498394
hv(2) = 0.8438565883
hv(3) = 0.8089980017
hv(4) = 0.8580270154
hv(5) = 0.8557162175
hv(6) = 0.8675109078
hv(7) = 0.8630147107
hv(8) = 0.8322342021
hv(9) = 0.8627775538
hv(10) = 0.8649993022
hv(11) = 0.8579561659
hv(12) = 0.8404586791
hv(13) = 0.8528948935
hv(14) = 0.8076628858
hv(15) = 0.8529469219
hv(16) = 0.8542247250
hv(17) = 0.7873783536
hv(18) = 0.8642819567
hv(19) = 0.8615972340
hv(20) = 0.7540842136
hv(21) = 0.8435164814
hv(22) = 0.8274426619
hv(23) = 0.8635028278
hv(24) = 0.7763351396
hv(25) = 0.8617678453
hv(26) = 0.8421984872
hv(27) = 0.8442594162
hv(28) = 0.8688194953
hv(29) = 0.8045097761
hv(30) = 0.7647144181

run time is 15.599809(s)

maxHV:  0.868819
averHV: 0.837508
minHV:  0.754084
stdHV:  0.031623
