hv(1) = 0.8269693523
hv(2) = 0.8373656051
hv(3) = 0.8143449321
hv(4) = 0.8358579956
hv(5) = 0.8322286320
hv(6) = 0.8374675630
hv(7) = 0.8083570498
hv(8) = 0.8016399310
hv(9) = 0.8018839425
hv(10) = 0.8328462277
hv(11) = 0.8172281180
hv(12) = 0.8279114869
hv(13) = 0.8174481546
hv(14) = 0.8084418970
hv(15) = 0.8130010990
hv(16) = 0.7953298707
hv(17) = 0.8376348564
hv(18) = 0.8177148981
hv(19) = 0.8444452022
hv(20) = 0.8037685128
hv(21) = 0.8159926085
hv(22) = 0.8430329229
hv(23) = 0.8229151533
hv(24) = 0.8294247441
hv(25) = 0.8043787755
hv(26) = 0.8298029214
hv(27) = 0.8245589089
hv(28) = 0.8256240136
hv(29) = 0.8229411018
hv(30) = 0.8252959135

run time is 7.939454(s)

maxHV:  0.844445
averHV: 0.821862
minHV:  0.795330
stdHV:  0.012998

