hv(1) = 0.2789335753
hv(2) = 0.2849706169
hv(3) = 0.2923103265
hv(4) = 0.2915040558
hv(5) = 0.2840217824
hv(6) = 0.2403625380
hv(7) = 0.2904018454
hv(8) = 0.2580679860
hv(9) = 0.2980197173
hv(10) = 0.2842599208
hv(11) = 0.2885737199
hv(12) = 0.2711264525
hv(13) = 0.2845076743
hv(14) = 0.2974439613
hv(15) = 0.2895425870
hv(16) = 0.2959474338
hv(17) = 0.2736236578
hv(18) = 0.2896499556
hv(19) = 0.2616412299
hv(20) = 0.2523386388
hv(21) = 0.2837321595
hv(22) = 0.2503697019
hv(23) = 0.2816360711
hv(24) = 0.2953797089
hv(25) = 0.2612002508
hv(26) = 0.2917394518
hv(27) = 0.2857974887
hv(28) = 0.2882973746
hv(29) = 0.2875761492
hv(30) = 0.2564173732

run time is 13.279242(s)

maxHV:  0.298020
averHV: 0.279646
minHV:  0.240363
stdHV:  0.015515

