hv(1) = 0.2596090083
hv(2) = 0.2829339700
hv(3) = 0.2891584120
hv(4) = 0.2749903650
hv(5) = 0.2680954918
hv(6) = 0.2694236042
hv(7) = 0.2749398443
hv(8) = 0.2779468353
hv(9) = 0.2623075090
hv(10) = 0.2579362308
hv(11) = 0.2902869288
hv(12) = 0.2753624787
hv(13) = 0.2683081651
hv(14) = 0.2665856075
hv(15) = 0.2712043950
hv(16) = 0.2583168645
hv(17) = 0.2806567820
hv(18) = 0.2788257582
hv(19) = 0.2791647489
hv(20) = 0.2595746529
hv(21) = 0.2794528571
hv(22) = 0.2838948977
hv(23) = 0.2606807923
hv(24) = 0.2753830386
hv(25) = 0.2773226533
hv(26) = 0.2785495103
hv(27) = 0.2771037759
hv(28) = 0.2830202097
hv(29) = 0.2613178375
hv(30) = 0.2740413951

run time is 10.252178(s)

maxHV:  0.290287
averHV: 0.273213
minHV:  0.257936
stdHV:  0.009069

